 455.6949681027980430E-9
 743.7715768531038520E-9
-3.312350104973395660E-6
-12.82533731334460110E-6
-8.848517360415431910E-6
 37.35713931470536410E-6
 93.89955698396644830E-6
 28.07862394326910760E-6
-228.9857607589962070E-6
-399.0715936010667520E-6
 22.17023916159191540E-6
 957.0700874207195740E-6
 0.001176054927712611
-540.7132201422494970E-6
-0.003018626233440282
-0.002554714183755581
 0.002635884172780389
 0.007646135325435534
 0.004040111300983186
-0.008593309642903701
-0.016330458080524416
-0.003734699336972319
 0.022753364674590621
 0.031131215569665034
-0.003299831664980475
-0.056751281874771874
-0.060266727777487289
 0.037973407098281051
 0.207120532694189396
 0.340126795066694743
 0.340126795066694743
 0.207120532694189396
 0.037973407098281051
-0.060266727777487289
-0.056751281874771874
-0.003299831664980475
 0.031131215569665034
 0.022753364674590621
-0.003734699336972319
-0.016330458080524416
-0.008593309642903701
 0.004040111300983186
 0.007646135325435534
 0.002635884172780389
-0.002554714183755581
-0.003018626233440282
-540.7132201422494970E-6
 0.001176054927712611
 957.0700874207195740E-6
 22.17023916159191540E-6
-399.0715936010667520E-6
-228.9857607589962070E-6
 28.07862394326910760E-6
 93.89955698396644830E-6
 37.35713931470536410E-6
-8.848517360415431910E-6
-12.82533731334460110E-6
-3.312350104973395660E-6
 743.7715768531038520E-9
 455.6949681027980430E-9

