-80.45166480527626620E-6
-60.77347224355364120E-6
 344.5669900025662860E-6
 842.8193698592094730E-6
 273.6587575744317180E-6
-0.001751302018494965
-0.002829324503426022
 345.1385486021861200E-6
 0.006084303435155764
 0.006155552198206807
-0.004441377713133675
-0.015686748717755359
-0.008854495023301099
 0.017455540889326125
 0.033102884536192680
 0.004920670487688152
-0.052164192329056364
-0.065933030871397277
 0.028177275393181687
 0.205293273389789810
 0.348935769760806425
 0.348935769760806425
 0.205293273389789810
 0.028177275393181687
-0.065933030871397277
-0.052164192329056364
 0.004920670487688152
 0.033102884536192680
 0.017455540889326125
-0.008854495023301099
-0.015686748717755359
-0.004441377713133675
 0.006155552198206807
 0.006084303435155764
 345.1385486021861200E-6
-0.002829324503426022
-0.001751302018494965
 273.6587575744317180E-6
 842.8193698592094730E-6
 344.5669900025662860E-6
-60.77347224355364120E-6
-80.45166480527626620E-6

