 43.39413706420877760E-6
 63.97582479082525710E-6
 22.80777861918316770E-6
-85.06692363459144700E-6
-162.1053905905825160E-6
-90.46768760118075650E-6
 109.7008185079879890E-6
 233.7045730562079480E-6
 84.67981506111127030E-6
-253.3330071592071420E-6
-408.1184353157657370E-6
-102.6601761457515920E-6
 437.6440554411280460E-6
 596.6019509961929540E-6
 39.68183075026604460E-6
-751.7869957426089510E-6
-838.7188624619972190E-6
 105.3803333705197080E-6
 0.001187079403009394
 0.001078578278662572
-411.8397396831368270E-6
-0.001782515827337507
-0.001285933784586846
 930.7085276722032180E-6
 0.002531458890784553
 0.001380575844850874
-0.001740588915891091
-0.003424362271451676
-0.001271532727136602
 0.002908414466047287
 0.004413707880603359
 832.4793297630134250E-6
-0.004503445138751168
-0.005423895271317127
 86.74144742855212090E-6
 0.006583216746036924
 0.006336632647104286
-0.001672926063320238
-0.009201264467179168
-0.006988649631871039
 0.004162322214737302
 0.012416456489461903
 0.007154138922887950
-0.007888730692357205
-0.016330277559752873
-0.006507343124665894
 0.013404101746586702
 0.021178230282471781
 0.004508728193092810
-0.021827762356508341
-0.027596149036474504
-29.09951138643264910E-6
 0.036049542142203614
 0.037605417117051856
-0.010299460679458189
-0.066762165964465575
-0.060616651195158827
 0.045683053576955429
 0.210858418445133089
 0.335104615058193056
 0.335104615058193056
 0.210858418445133089
 0.045683053576955429
-0.060616651195158827
-0.066762165964465575
-0.010299460679458189
 0.037605417117051856
 0.036049542142203614
-29.09951138643264910E-6
-0.027596149036474504
-0.021827762356508341
 0.004508728193092810
 0.021178230282471781
 0.013404101746586702
-0.006507343124665894
-0.016330277559752873
-0.007888730692357205
 0.007154138922887950
 0.012416456489461903
 0.004162322214737302
-0.006988649631871039
-0.009201264467179168
-0.001672926063320238
 0.006336632647104286
 0.006583216746036924
 86.74144742855212090E-6
-0.005423895271317127
-0.004503445138751168
 832.4793297630134250E-6
 0.004413707880603359
 0.002908414466047287
-0.001271532727136602
-0.003424362271451676
-0.001740588915891091
 0.001380575844850874
 0.002531458890784553
 930.7085276722032180E-6
-0.001285933784586846
-0.001782515827337507
-411.8397396831368270E-6
 0.001078578278662572
 0.001187079403009394
 105.3803333705197080E-6
-838.7188624619972190E-6
-751.7869957426089510E-6
 39.68183075026604460E-6
 596.6019509961929540E-6
 437.6440554411280460E-6
-102.6601761457515920E-6
-408.1184353157657370E-6
-253.3330071592071420E-6
 84.67981506111127030E-6
 233.7045730562079480E-6
 109.7008185079879890E-6
-90.46768760118075650E-6
-162.1053905905825160E-6
-85.06692363459144700E-6
 22.80777861918316770E-6
 63.97582479082525710E-6
 43.39413706420877760E-6

